9219238192381 200
99999999999 300
989898989898989182981938 8000
77777777777777777777777777777777777777777777 500
999999999999999999999999999999999999 299
9999999999999999999999 600
999999999999 50
99999999999999999999999999999999999999999999999999999999999999 30
90101010102030999 7002
9999999999999999999999 200
999121313131931931939131931999 300
9999999999999999999999999999999999 800
891283918931893819381938193813199999999999999999999999999999 500
999999999999999999999999999999999999 299
9999999999999999999999 600
999999999999 50
091283192830917491275197519751097521028190182590189058108510928509185091850918250919999 200
99999999999999999999999999999999999999 5000
9999999999999999999999 200
99999999999 3001
9999999999999999999999999999999999 800
297389179831739871983719837198371987319873918739817398173981738913999999999 500
28716318763871638716381763817999999999999 299
9999999999999999999999 600
999999999999 50
99999999999999999999999999999999999999999999999999999999999999 15
99999999999999999999999999999999999999 9000
