9999999999999999999999 200
99999999999 300
9999999999999999999999999999999999 800
9999999999999999999999999999999999999999999999999999999999999999999 500
999999999999999999999999999999999999 299
9999999999999999999999 600
999999999999 50
99999999999999999999999999999999999999999999999999999999999999 3000
99999999999999999999999999999999999999 700
9999999999999999999999 200
99999999999 300
9999999999999999999999999999999999 800
9999999999999999999999999999999999999999999999999999999999999999999 500
999999999999999999999999999999999999 299
9999999999999999999999 600
999999999999 50
99999999999999999999999999999999999999999999999999999999999999 2000
99999999999999999999999999999999999999 5000
9999999999999999999999 200
99999999999 300
9999999999999999999999999999999999 800
9999999999999999999999999999999999999999999999999999999999999999999 500
999999999999999999999999999999999999 299
9999999999999999999999 600
999999999999 50
99999999999999999999999999999999999999999999999999999999999999 150
99999999999999999999999999999999999999 90
